{"locations": [[0.8056520083944981, 0.2643671273287782, 0.09426902421646699, 0.6053468528649266, 0.6978630591862796, 0.1527045330634662, 0.9953284613355664, 0.6999836937597239, 0.8703079853184098, 0.09815413534145623, 0.7860535190743281, 0.11799125629151763, 0.32231369770291163, 0.7997935425608221, 0.9299698185015147, 0.3272180381780999, 0.09329546052673277, 0.02554485563364428, 0.9134973219614421, 0.8882128998489127, 0.2856213283809784, 0.7309121532491253, 0.9807339335557174, 0.9797210631230163, 0.8288507711782713, 0.3092911888144786, 0.6155508654059627, 0.0776655423297462, 0.8164339472748111, 0.6973634791456932, 0.39876374990013885, 0.19786371555407678, 0.256162873565537, 0.20672535291010585, 0.15672316268130593, 0.6281076378466371, 0.6090517643731451, 0.4317100677128707, 0.8819329919522081, 0.28219828507764366, 0.16963530958814788, 0.5126943541564343, 0.5210441460578595, 0.7890865162994873, 0.7253498314325352, 0.4696123200492893, 0.17866820144102702, 0.3330641768187572, 0.8522688257327894, 0.4226628663549824, 0.7080996720288724, 0.8335834983634746, 0.711908488960579, 0.15630425430112782, 0.420276113661733, 0.00038364768641818703, 0.7157557027795198, 0.607017899856419, 0.9537099878791937, 0.7777637192561736, 0.011573071115227318, 0.46270585225222105, 0.07384991678286179, 0.8846652886011274, 0.2113773808769901, 0.13047966742203387, 0.9466397416900427, 0.8601689403520565, 0.5539571948899212, 0.03364052272738349, 0.7887860852333196, 0.09189400444293516, 0.5503888888539868, 0.1396305955162377, 0.5764759865191069, 0.6496446881195378, 0.7617099831822748, 0.562191473404708, 0.9017291338236767, 0.40919893369616234, 0.2930616636125829, 0.7533870573782863, 0.8220460599881985, 0.9660416747782211, 0.5913928841216268, 0.8092663607881055, 0.16783357716804037, 0.027155457943092043, 0.38398423235209533, 0.47026558406083974, 0.8182157933199619, 0.47176595692352963, 0.5858408881236098, 0.5043875154498876, 0.9431211714201831, 0.9707323767350812, 0.4188655504201142, 0.7378487923337793, 0.01236380070447829, 0.3604769019990566], [0.5407299929478139, 0.8421116171986947, 0.9062919450988731, 0.9706784794750491, 0.4283359421018086, 0.9349158499541546, 0.9072523180416476, 0.3902247078679083, 0.7719874639959046, 0.37196243890362, 0.6496265927577962, 0.9017306015242879, 0.5985827295574297, 0.15738178503678635, 0.3570730971503673, 0.259015161430428, 0.7371653955472781, 0.6945142946082421, 0.2877283977031819, 0.6778524512106354, 0.9357022912069118, 0.037586711251705984, 0.5906897438845558, 0.39631978469295004, 0.5895511184864045, 0.4064568814569063, 0.5165600890132983, 0.5811538719685118, 0.8326543068248662, 0.7213293912890258, 0.2821836799977142, 0.9201732845905816, 0.49831198712384406, 0.9154519176229371, 0.31512054146692525, 0.9611397025421852, 0.15251895952201922, 0.1826219187903455, 0.8361848236163056, 0.05648036196939643, 0.497318029389328, 0.1480229673123742, 0.9758109329521417, 0.015426397793040114, 0.817848541534885, 0.7059076851671081, 0.3298627462485314, 0.1340383683843852, 0.6615985341076154, 0.25979762553983277, 0.22290859780250782, 0.950918395165783, 0.8545001310112789, 0.28554345481623844, 0.26239889556284657, 0.18895820003175212, 0.717781372838237, 0.5770970796208454, 0.2994501724045697, 0.38297249540007716, 0.8065198845037785, 0.18012896590417848, 0.07036869384667988, 0.26059361394145275, 0.3894470325341234, 0.7434919460726412, 0.6694784957701656, 0.5646369881485422, 0.4165161111787776, 0.29209829115369956, 0.353918453091457, 0.5180618902399895, 0.1692671912862942, 0.3613671553766674, 0.8900005386540615, 0.8621486702245336, 0.9011749566154045, 0.793707900921946, 0.44782398323426587, 0.24961162776314139, 0.3748292734714227, 0.0007876977866031476, 0.14495367355486977, 0.8371644375621208, 0.7752205101689027, 0.8012129243266828, 0.42250463265229354, 0.8667859853803423, 0.16769310808224414, 0.9433718633717447, 0.3179825304542483, 0.22261890428993647, 0.5535574474181422, 0.9647645660402095, 0.5919280883868037, 0.06879448624160167, 0.7517629902025167, 0.8787955011444692, 0.2832151641934122, 0.5900006534674759]], "distances": [[0.0, 0.6195322476727338, 0.7998132851100526, 0.4743183070457918, 0.15572694126896072, 0.7627076080681192, 0.41269331420862054, 0.18389571380197334, 0.24012582798929377, 0.7273484224720901, 0.1106461487527165, 0.7766587084269521, 0.486788313043173, 0.38339297089346946, 0.2217764038029258, 0.5552137517694374, 0.73894432718879, 0.7951206079745586, 0.27502803285243677, 0.16005895588122168, 0.6530199266082143, 0.5086641405319234, 0.18207047325642908, 0.22617326115678, 0.05405261227316037, 0.5142016449639173, 0.19163149224945075, 0.7291079376666573, 0.29212335620180485, 0.21057670395387293, 0.48208324057227236, 0.7165080742647443, 0.5511239393395668, 0.7064910894568655, 0.6870285812076259, 0.4563620574001083, 0.4351545270622598, 0.5177585999068607, 0.30514315561368693, 0.7130929150938267, 0.6374965409635812, 0.48994182834302163, 0.5199010094805362, 0.5255647273275484, 0.288518854835928, 0.37444137344855066, 0.6614935297585334, 0.6234880400164078, 0.12954663986707737, 0.47497755523563134, 0.33245585803607214, 0.41113828992933443, 0.3274744982074535, 0.6976909595155165, 0.47537646135731143, 0.8787494108384136, 0.19856620277460232, 0.20193581670372693, 0.283084999762387, 0.1602035726929551, 0.8373802153645067, 0.4976395952069005, 0.8699276136433837, 0.2910661252908124, 0.6132282340390103, 0.7049610625057473, 0.19092856758173388, 0.05952848301101496, 0.2806766245508091, 0.8110606988006402, 0.18757134852525317, 0.7141178691821762, 0.45071484689965435, 0.6897503533264246, 0.4177458115894997, 0.35727895275497284, 0.36311358197275184, 0.35109949305073523, 0.13365006798213006, 0.4918586615945281, 0.538768883925591, 0.5424659502758519, 0.39611571531546513, 0.3370433577990739, 0.31763623061733914, 0.26050800579435884, 0.6486829634183291, 0.8440197801390082, 0.5629922120444956, 0.5240272220465253, 0.22310150321989253, 0.4611665210029607, 0.22018508619552615, 0.5201592197460538, 0.14669361185669358, 0.4999746498588822, 0.4406117224980212, 0.34479785953575665, 0.8340384088808218, 0.44789337273757074], [0.6195322476727338, 0.0, 0.1818034080312602, 0.36441269366241097, 0.5992737540047013, 0.145193528007929, 0.7338581489084212, 0.6276651748931247, 0.6099850164091076, 0.4986652269377838, 0.556064003480269, 0.15805163369586558, 0.2503280330564602, 0.8692159623365832, 0.8235832128128043, 0.586473966791454, 0.200696847562034, 0.28075086303250163, 0.8536455726131601, 0.645108224643227, 0.09597372204765078, 0.930013217916836, 0.7592064010824565, 0.8428888487725632, 0.618408109328623, 0.43796486168940363, 0.4788672210474543, 0.32086823874726494, 0.5521478193426398, 0.44952662522085596, 0.5758313529296003, 0.10254914769844299, 0.3438975071433577, 0.09328115471225282, 0.5378724914196242, 0.38272032098169273, 0.7709380860587881, 0.6803898309080826, 0.6175943037547, 0.7858335824968462, 0.3575706021010388, 0.7371739723328065, 0.2894107789571582, 0.9791521276827057, 0.46162078627752423, 0.24632722187315148, 0.5193680888233616, 0.7113979268279319, 0.6149905528976586, 0.6034460422237677, 0.761781432207018, 0.5795223826440946, 0.4477127937034309, 0.566961818736301, 0.6003119619379675, 0.7044832601850397, 0.4681983081026468, 0.4331769350293137, 0.8773112463988346, 0.6887559754867251, 0.2552873014725297, 0.6910566405289613, 0.7949112826335469, 0.8502546659619968, 0.45575556983823423, 0.16628797747669855, 0.7037741931340705, 0.6572457456449187, 0.5147756229411186, 0.5964473362317636, 0.7164829438937967, 0.367090184641331, 0.7311142657255233, 0.4966633064171054, 0.31576144283817603, 0.3857982404610443, 0.5008376926026687, 0.3017321011509302, 0.7494618506771845, 0.6099446611101454, 0.468162541401803, 0.9731220012724762, 0.8927681615726654, 0.7016919873596513, 0.33379674325194736, 0.5464319515760417, 0.430567936319879, 0.2384915104105544, 0.6849442147014713, 0.2294511101295248, 0.7625350119120965, 0.6532882180663645, 0.4319825086474179, 0.26954319240768676, 0.7233939801098757, 1.0473639532657872, 0.17897663852526663, 0.4749006153262545, 0.6130831279782535, 0.2698092415404921], [0.7998132851100526, 0.1818034080312602, 0.0, 0.5151176300079418, 0.7699140860200372, 0.0650694753580504, 0.9010599489143758, 0.7957484867991255, 0.7875748617068223, 0.5343436303347469, 0.737863734315568, 0.024156782687849217, 0.38300043659853655, 1.0288980871929225, 1.000018580082662, 0.6879189471019563, 0.16912935164981296, 0.22264946574095368, 1.0265261155922294, 0.8261546344493763, 0.1935992581784918, 1.0770159038092033, 0.9409701296540544, 1.0218106074967366, 0.7999594328543206, 0.5441228005830885, 0.6508653298508208, 0.32556173333130983, 0.7259095521250822, 0.6308201549397745, 0.694426500456854, 0.10452058007597695, 0.43892740238718964, 0.11282876831683199, 0.5944612248780846, 0.5366488068552304, 0.9127841931961037, 0.7984765274028579, 0.7907778035275029, 0.8703431127485617, 0.4158602417898635, 0.8660551942045913, 0.432400155290072, 1.129784391236248, 0.6372481627046614, 0.4254837733157949, 0.5825751817606286, 0.8083308182017253, 0.7965165186493753, 0.7251189011304303, 0.9185863397393746, 0.7406601188999181, 0.6198071477612025, 0.623840570947279, 0.7217193925684536, 0.7234515641963948, 0.649447401631085, 0.6093280470544021, 1.052091111600265, 0.8608299742576766, 0.12958813500746763, 0.8142839606709458, 0.8361726029549297, 1.0206138298165, 0.5299462527877634, 0.16677844694174954, 0.8846561195116318, 0.8386481927156557, 0.6717094474169854, 0.6171787907400378, 0.8873953023968256, 0.3882373194512043, 0.8667472634219516, 0.546809563380684, 0.4824820871463413, 0.5571272357122815, 0.6674605735744524, 0.4812759971757934, 0.9285390140770468, 0.7282924461101092, 0.5674249596303121, 1.1199886265224597, 1.0532309231665669, 0.8745091003332727, 0.5141126852564586, 0.7226775158471305, 0.4893484516530621, 0.0778777993475218, 0.7933871336664008, 0.3778205041470431, 0.9328488043916281, 0.7809691165034496, 0.6050326629523567, 0.41426588593719194, 0.9051931297901271, 1.2122664731405202, 0.35950257679860265, 0.6441668823838053, 0.6284370617190401, 0.41340877513106533], [0.4743183070457918, 0.36441269366241097, 0.5151176300079418, 0.0, 0.5501769499684079, 0.45405289928101583, 0.39510572369876307, 0.5881179410862263, 0.33118351611027674, 0.784668942896539, 0.3684144584258656, 0.49220858117807786, 0.46750723419827506, 0.8362182898728638, 0.6941841506664586, 0.7640813541825102, 0.562783252025983, 0.6422125917455465, 0.7492513101734308, 0.40713668879807163, 0.3216329348065959, 0.9415024655234522, 0.5341412730029539, 0.6855975201079455, 0.4418280964307124, 0.6371773441409374, 0.4542330177645707, 0.6558787886044551, 0.2522071245269947, 0.26578567924419005, 0.7188196347748826, 0.41060112262755805, 0.5874177001891734, 0.4024289668503453, 0.7943673114368646, 0.024678768169392032, 0.8181679084754279, 0.8069590299365546, 0.30755233018375777, 0.9696304424438476, 0.6433620012481222, 0.8278566163343506, 0.08445879737299623, 0.9727624599442853, 0.1943134189805026, 0.29753560613334556, 0.7698697782947174, 0.879832103961126, 0.3956019126764852, 0.7339789012082213, 0.7547966201452582, 0.2290904347203068, 0.15764767977725358, 0.8191759623787542, 0.7320595245579825, 0.9884670327900473, 0.27594756872408627, 0.39358494725947324, 0.756243554716118, 0.6124752236080316, 0.6160481703538135, 0.8033149995256743, 1.0454887388981398, 0.7630460699079602, 0.7021694523200904, 0.5264148219511473, 0.4551947562817647, 0.4793787531273703, 0.5565400501154616, 0.8873100923023335, 0.643461639972885, 0.6844673873921497, 0.803293489731236, 0.7669106349721547, 0.08568813837791654, 0.11722208710050325, 0.17111448861081624, 0.18215645047534143, 0.6010152083812146, 0.747269302749657, 0.6727245466916784, 0.9811238609658732, 0.8536861258564371, 0.38461247242255475, 0.19595543118008105, 0.26514475309418334, 0.7013646931172666, 0.5874512230737762, 0.8329387230950118, 0.1378136439716156, 0.6865312721781966, 0.7598927449230171, 0.41757686483413886, 0.10113239927638659, 0.5074872895206015, 0.9730885459733746, 0.28757480349457926, 0.16124281587067785, 0.9078737302111678, 0.45263329534061664], [0.15572694126896072, 0.5992737540047013, 0.7699140860200372, 0.5501769499684079, 0.0, 0.744191522152792, 0.5637788224287839, 0.03817018818168572, 0.38449137968079883, 0.6023526917030855, 0.23821651765361665, 0.7485678401869444, 0.41233638154973035, 0.2894926228279136, 0.2428002075583826, 0.4074889671700569, 0.678879674658476, 0.7230924437243705, 0.2574269155010789, 0.3138336345233651, 0.6537307219502475, 0.3921443663095539, 0.3261513276377115, 0.2836705284629165, 0.20772124058365665, 0.38918734786596415, 0.12065984146843785, 0.6387474302130338, 0.4213459333545661, 0.29299387510123726, 0.33289770280611786, 0.701358193150299, 0.44720878888313936, 0.6917356577003398, 0.5528563235871782, 0.5373505987208698, 0.2897627546214408, 0.3622330687860382, 0.44746223337962243, 0.557721953046853, 0.532712946916113, 0.3359506111882101, 0.5753206007492588, 0.4228664220637057, 0.39048122588112955, 0.35936676594377925, 0.5284508213738256, 0.4687102372175752, 0.27973662179286213, 0.3227077784682729, 0.2056822355682488, 0.5399189363791678, 0.4263955792528945, 0.5600675259054336, 0.32340317830800797, 0.7374138816599206, 0.2899979380425855, 0.1743063940583522, 0.286477211226385, 0.09188012721076082, 0.7835923953288862, 0.34191463116719434, 0.7193976318528836, 0.25106286378318465, 0.4880375625783461, 0.649035607720226, 0.34646726966233715, 0.2119461587630998, 0.14439046430402158, 0.6780503487763636, 0.11749450768506811, 0.6125759063788241, 0.298102748334042, 0.5622350948585139, 0.47735628321041285, 0.436484243002667, 0.4771301325109733, 0.3897479281286182, 0.2047954104350025, 0.33951341340336005, 0.4083223401264427, 0.4311385109129554, 0.30939768553591146, 0.4889381439007933, 0.3628564478432101, 0.3891631270828681, 0.53006155866882, 0.801303392490222, 0.4079884861862575, 0.5630831296370431, 0.16328703584702833, 0.30567858822250477, 0.16801604745762413, 0.570252974218056, 0.29481168895189563, 0.45136207521415206, 0.42713541803608873, 0.4522307742605, 0.7006919962150542, 0.3741188286661152], [0.7627076080681192, 0.145193528007929, 0.0650694753580504, 0.45405289928101583, 0.744191522152792, 0.0, 0.8430779059461704, 0.7721417745463715, 0.7358670896562596, 0.5655902128794853, 0.6946372422729988, 0.04802366393350131, 0.37667922242338814, 1.0115747171213776, 0.9685264946892005, 0.6980664038716108, 0.20648167017389457, 0.2719604592156554, 0.9988279461400071, 0.7791367970934016, 0.13291912190246172, 1.0674847236402223, 0.8967297810262552, 0.986935693197176, 0.759243395136628, 0.5511699031555167, 0.623897643909082, 0.361632945399959, 0.6715609864282754, 0.5850406335225896, 0.6975703719957722, 0.04750468394505421, 0.44869428485082247, 0.05742032426499617, 0.6198083363482498, 0.4761258263127903, 0.9057580745882889, 0.8023654075487663, 0.7358817573598183, 0.8879287912674808, 0.4379252262165481, 0.8653283076629574, 0.37060285794131664, 1.1182320337134677, 0.5844890011323843, 0.3909926917365373, 0.6056099160180813, 0.8209350410239971, 0.7510609527325244, 0.7270915476402403, 0.903005031825926, 0.681066991448903, 0.5649564161455993, 0.6493823723817446, 0.7237911333303382, 0.7613504236551007, 0.6034683097487549, 0.5783034736620466, 1.022460936167296, 0.8338707650951062, 0.1907973099799401, 0.8159681723159551, 0.8681358393951281, 0.9952271226350464, 0.548615287654433, 0.1927097704581129, 0.837132071117289, 0.798506307476814, 0.6555470904406444, 0.6537512160290696, 0.8614857608643575, 0.42126612030934457, 0.8627692132664535, 0.573697684233193, 0.4261450808739795, 0.5022395645037888, 0.6099394118744169, 0.43315036555440484, 0.8934743080630011, 0.7317316820452396, 0.5774054877225612, 1.110592139216368, 1.0354024916946196, 0.8191902371960769, 0.46685122994724454, 0.6700372422085688, 0.5126345126815919, 0.14284344125799878, 0.8013245503218348, 0.3176736143803494, 0.9074755964968768, 0.7804915957255306, 0.5770973343029805, 0.35294739827939503, 0.8616258275934601, 1.1913587913392525, 0.3230892402967468, 0.5878293100105881, 0.6666403115474483, 0.4026609616793652], [0.41269331420862054, 0.7338581489084212, 0.9010599489143758, 0.39510572369876307, 0.5637788224287839, 0.8430779059461704, 0.0, 0.5954377225339327, 0.1841920198151174, 1.0447282067267976, 0.3319141693065771, 0.8773545809464959, 0.740422708270441, 0.7749449791625471, 0.5540477662563449, 0.9309043714276176, 0.9179286986208651, 0.9928432446779166, 0.6249049713698948, 0.25317591199536976, 0.7102771399529381, 0.9089742854533241, 0.31689882233621675, 0.5111708564786173, 0.3586765583627522, 0.8493781305121265, 0.5448591012300423, 0.9738816301017267, 0.19382494792604182, 0.35121284900138866, 0.8640603319190928, 0.7975694152491647, 0.8447472760504029, 0.7886457354551486, 1.0265860352452385, 0.3711535846683905, 0.8478396835950275, 0.9180168348940718, 0.13382496493766838, 1.1101205202718578, 0.9218542736547186, 0.8996470910425888, 0.4792138305567658, 0.9153628853736319, 0.2843967226569059, 0.5629539256425129, 1.000156336632656, 1.0180637477541103, 0.28427423537828317, 0.8643746077465984, 0.742177003710931, 0.16753554649164548, 0.2882874849477959, 1.0442621943759138, 0.8640145479375971, 1.2271355353729074, 0.3377279473228583, 0.5096936075849368, 0.6092253651760361, 0.5676299405644044, 0.9888992319513817, 0.9013296915837068, 1.2447878969995951, 0.6560593093525887, 0.9395220115844534, 0.8802163914408315, 0.2427076059341996, 0.3683114991284596, 0.6600231962363068, 1.1416033321871983, 0.5906251935251983, 0.9836986362668809, 0.861738516298422, 1.014992339077259, 0.4192076091293081, 0.34861384096343756, 0.23369751315870946, 0.4477722467648809, 0.46886589653605826, 0.880930814922932, 0.8812791575735361, 0.9381970745653292, 0.7817454918341962, 0.0759606928415476, 0.42496629140357, 0.21415755480386575, 0.9590245574612589, 0.9690183117862425, 0.9595257116654935, 0.5263037589138687, 0.6153111243386589, 0.8618820146931514, 0.5410916134264103, 0.4942981600380211, 0.31961691276859816, 0.8388185161788624, 0.5970648362891432, 0.2590474288179471, 1.1643203568746003, 0.7097077715983395], [0.18389571380197334, 0.6276651748931247, 0.7957484867991255, 0.5881179410862263, 0.03817018818168572, 0.7721417745463715, 0.5954377225339327, 0.0, 0.41803488641668674, 0.6021065751622806, 0.2733081643751484, 0.7748248037559171, 0.4313324600860961, 0.2533334415947447, 0.2323631788104861, 0.3951837282297023, 0.6988837193058672, 0.7399053310873354, 0.23684079679237133, 0.3437440221522347, 0.6850123822002261, 0.3539917036653208, 0.3449738074269749, 0.27980376298362797, 0.23735572799587384, 0.3910295601099921, 0.15195239725969006, 0.6509484060226124, 0.45749820937020363, 0.3311150508630226, 0.32000987216337506, 0.7300479206761887, 0.45679292942731875, 0.7205327283925214, 0.5484274249510059, 0.5754216702189368, 0.2545046926456267, 0.33921918646372273, 0.48164922085586465, 0.5347241682651704, 0.5410530363170433, 0.30616822150113265, 0.6123157590166615, 0.3852441903773886, 0.428375517578302, 0.3908026509399851, 0.5247984460171585, 0.4475057233713992, 0.31118244646514476, 0.3064605441440464, 0.1675128347043369, 0.5763907691539198, 0.46442854054799226, 0.5536655106022778, 0.30753173601389966, 0.7279755707730398, 0.32793615999917525, 0.20871972154216695, 0.2694755065236627, 0.07811739212177356, 0.8044941637203304, 0.3169242730712651, 0.7031012561337515, 0.2256357950010012, 0.48860693176395353, 0.6701735429003743, 0.3725880889646939, 0.2368099591202549, 0.14837444611599152, 0.6735295206882957, 0.09593752585574811, 0.6213818596082616, 0.2668348361603106, 0.5610956719195568, 0.514810678585656, 0.47460113962697154, 0.5146652227429057, 0.4263629710322498, 0.20980681378193475, 0.3229981656012502, 0.4072131604201014, 0.3930815488761117, 0.2739655115562577, 0.5201364928965999, 0.40001716429078865, 0.42526934451098236, 0.5331282586138424, 0.8245049946097381, 0.38649187897429144, 0.5989509041362355, 0.13855598710950295, 0.2831519747408661, 0.19926405568357844, 0.6069216700679433, 0.3159115172890039, 0.42026448423299717, 0.45797089438977273, 0.49003590249379786, 0.6958966588242332, 0.3939229494353211], [0.24012582798929377, 0.6099850164091076, 0.7875748617068223, 0.33118351611027674, 0.38449137968079883, 0.7358670896562596, 0.1841920198151174, 0.41803488641668674, 0.0, 0.8696215203951169, 0.14856311080555643, 0.7634223880064241, 0.5747755572263797, 0.6186375572548208, 0.41918190103295455, 0.7470523903209141, 0.7777924145517088, 0.8483082206661501, 0.4861812029340138, 0.09582268309970975, 0.6071746301101517, 0.7475129855925806, 0.21227989391763297, 0.39127666281998513, 0.18708746822575523, 0.6695912579558015, 0.36075522731706866, 0.8152910537183111, 0.08113493571795723, 0.18021110550046637, 0.6798983106135414, 0.6885784874393077, 0.6723633578141349, 0.6789138085857712, 0.847307903892751, 0.30731023032518207, 0.672306508236915, 0.7346563000501399, 0.06524141140002228, 0.9261875795796743, 0.7525858733872841, 0.7191795341320447, 0.40438748238833216, 0.7609083873395054, 0.15203981324323337, 0.4061078099908025, 0.8208774918860592, 0.8340323485109956, 0.11185314980114376, 0.68023862221241, 0.5725374557183686, 0.1826607951133001, 0.17860218549727908, 0.8639612849968372, 0.6798596874241516, 1.0472303833651126, 0.1637825032064605, 0.32757278736861023, 0.4798410007238056, 0.39987133802338287, 0.8594289621240837, 0.7186348033900813, 1.0614209125323877, 0.5115953498919503, 0.7619230428150211, 0.7403768867969178, 0.12780698571472485, 0.20759821788001293, 0.4758547102618276, 0.9645237483699829, 0.4259430925277537, 0.8187835627500557, 0.6823635068039321, 0.8381518274266739, 0.31664543152975577, 0.23837225895493605, 0.16876887840260518, 0.3088811459026343, 0.32568274567881444, 0.6967769167874659, 0.7006767758557348, 0.7800125529705665, 0.6288883746671029, 0.11581440834731589, 0.27893383850506276, 0.0676772299731936, 0.7846072543063559, 0.8484650517705852, 0.775681933068153, 0.4352086110744366, 0.4569836716419602, 0.6787057998798266, 0.35865471072968963, 0.41359497257752115, 0.1942244547296523, 0.7103276866027202, 0.451895232733342, 0.17015697048804307, 0.9874039624019549, 0.5413380946551752], [0.7273484224720901, 0.4986652269377838, 0.5343436303347469, 0.784668942896539, 0.6023526917030855, 0.5655902128794853, 1.0447282067267976, 0.6021065751622806, 0.8696215203951169, 0.0, 0.7418240657161376, 0.5301394321252341, 0.3187542400252841, 0.7337184165448357, 0.83194893067356, 0.2553964742735529, 0.36523527521616095, 0.3306233614223027, 0.8196827957597929, 0.8472080919138075, 0.5940930647138163, 0.7156743927717332, 0.9092792388260875, 0.8819033555056469, 0.7624056709559675, 0.2139362566661665, 0.5372223531264171, 0.21019238357120026, 0.8533246072859862, 0.6936202888622641, 0.31372976574721834, 0.5572047484677338, 0.2023140373049305, 0.5542278617707107, 0.08161698516693562, 0.7924522463884723, 0.5560322184849582, 0.38354842272772927, 0.9109400191771082, 0.3652412763076588, 0.14430378490429976, 0.4711607793012235, 0.7372034759334679, 0.777499520043028, 0.7695380807438135, 0.4995003608491393, 0.0908564745163435, 0.3343509995787497, 0.8078230214032243, 0.34334656232579686, 0.627893785024104, 0.935973475738713, 0.7807285257315842, 0.1041617835183282, 0.3402451159772237, 0.20748402276169517, 0.7078293799847729, 0.5486552211166177, 0.858623226802306, 0.6796987626094301, 0.44309869578806155, 0.4119442142640358, 0.3025714495738396, 0.7943568526646646, 0.11456532784408915, 0.3729331236583152, 0.8991349332965248, 0.785996211811531, 0.45797539104950136, 0.10266590626074348, 0.6908676252621966, 0.14623350819718037, 0.49558211800991003, 0.04280837279839945, 0.705092381257281, 0.7378511849824965, 0.8487474607364628, 0.6270565252430437, 0.8071479121536097, 0.33424330594681007, 0.19492861082252447, 0.7530610005598531, 0.7586517634026357, 0.9847038542960345, 0.6371040223847468, 0.8306242089029316, 0.08607983481741108, 0.49989114249016053, 0.3513186642797733, 0.6818912381304162, 0.7220821433929501, 0.4023546750775782, 0.5203989968827676, 0.7186375449779858, 0.8731289589815627, 0.9237443341503486, 0.49709583636226634, 0.8161427615098735, 0.12343443719486775, 0.3411068702285134], [0.1106461487527165, 0.556064003480269, 0.737863734315568, 0.3684144584258656, 0.23821651765361665, 0.6946372422729988, 0.3319141693065771, 0.2733081643751484, 0.14856311080555643, 0.7418240657161376, 0.0, 0.714047350104056, 0.46654056404133926, 0.4924365329397316, 0.3260359627908271, 0.6025838438034066, 0.6982669759314479, 0.7618322209947213, 0.38368245526491984, 0.10598697167881667, 0.5764301195507522, 0.6145188254065597, 0.2034060371221875, 0.31885961900160925, 0.07376087985227076, 0.5351951308158175, 0.2162818747069181, 0.7116895665165884, 0.18553197712055414, 0.1140491757960265, 0.5338610862805137, 0.6474278009375686, 0.5510718701547755, 0.6374042888550864, 0.712706809163473, 0.34926683060996877, 0.5276794672796863, 0.5862189412072886, 0.20975425340239712, 0.7782625186428672, 0.6349561460931888, 0.5712542604695386, 0.4202691894186419, 0.6342074474219792, 0.17883948597464103, 0.3214072086982333, 0.6864152107951182, 0.686316662561577, 0.06728888627074743, 0.5329346959675417, 0.43377995514759304, 0.3050177849396328, 0.2178776082278075, 0.7274205577351781, 0.5326710052042195, 0.9107647966755696, 0.09791249676947192, 0.19316905348586058, 0.3882424717924566, 0.266782923776401, 0.7902122937956733, 0.5700716930882284, 0.9180270609126194, 0.4013364420233031, 0.6308296658937258, 0.662259601306878, 0.16180863063259754, 0.11276669970701671, 0.3289516686717294, 0.833037696337745, 0.2957207648825839, 0.7065173053095656, 0.5350541771811055, 0.7077825226301322, 0.31890809964263284, 0.2525331712334648, 0.2527235388703778, 0.2662210338303113, 0.23260511829739727, 0.5495737900775692, 0.5644063573690425, 0.6496606878572675, 0.5059547592208617, 0.2599349523006473, 0.23166051646937302, 0.15335335646454337, 0.6586199824882171, 0.789356997177413, 0.6276301418644946, 0.4312868000624932, 0.33319993389232677, 0.5302001864705036, 0.22206840900609903, 0.42266733940808626, 0.16733010733304343, 0.6094852060771621, 0.38112838782671893, 0.23418386846935105, 0.8560684057327488, 0.42973330059175685], [0.7766587084269521, 0.15805163369586558, 0.024156782687849217, 0.49220858117807786, 0.7485678401869444, 0.04802366393350131, 0.8773545809464959, 0.7748248037559171, 0.7634223880064241, 0.5301394321252341, 0.714047350104056, 0.0, 0.36557665727224314, 1.0094104805124597, 0.9777325721072412, 0.6759134435663041, 0.1664079004936713, 0.22690291943146285, 1.004902287197525, 0.8020990003684815, 0.17103776415929411, 1.059441687410284, 0.9170994178900449, 0.9990086855237907, 0.7763873257175383, 0.5309347624451355, 0.629223242045379, 0.3231030837661625, 0.7018502169817901, 0.6068086760003812, 0.6801996627022522, 0.08197403434827963, 0.4264246407806332, 0.08978872099654833, 0.5878873388099882, 0.5135641771138666, 0.89580048398576, 0.7845615273660647, 0.7667484753723549, 0.8610527949959682, 0.4076967460524051, 0.8508029932560662, 0.4098042550455761, 1.111712188273946, 0.613123673319986, 0.40247234320978875, 0.57507785174737, 0.7972501025195587, 0.7725457648491686, 0.7105650819136294, 0.8994594237990411, 0.7172807650821876, 0.5957922428214018, 0.6173771016037861, 0.7071924527615508, 0.7224098877584988, 0.6254275755187811, 0.5869701710136435, 1.0301298527987361, 0.839291174477622, 0.14279324483943462, 0.7997106184101648, 0.8325329299138683, 0.9994226876875815, 0.5207258619680744, 0.1587306917130702, 0.8605808230378443, 0.8151440479425595, 0.652303151348543, 0.6154401677666066, 0.8660622682611542, 0.3845552581523267, 0.8505706084641649, 0.5407965559566877, 0.45863475906957246, 0.5331248454723618, 0.6437189667014029, 0.45714629685564406, 0.905691050417358, 0.7141855972495514, 0.5552248706816336, 1.1024635775543732, 1.0336365344332608, 0.85050473356958, 0.4900141880057608, 0.6985449688645466, 0.4818109444498536, 0.09732557967483951, 0.7807453522706629, 0.35472693257430604, 0.9116338150456526, 0.7657344423021542, 0.5831876398258506, 0.39150395882312183, 0.8813722108091109, 1.192036069352583, 0.33617796672735567, 0.6202816971488165, 0.6274699240524572, 0.3949365124797969], [0.486788313043173, 0.2503280330564602, 0.38300043659853655, 0.46750723419827506, 0.41233638154973035, 0.37667922242338814, 0.740422708270441, 0.4313324600860961, 0.5747755572263797, 0.3187542400252841, 0.46654056404133926, 0.36557665727224314, 0.0, 0.6501117409272364, 0.6538905594129655, 0.33960298273010286, 0.2676835973161942, 0.31188877952922894, 0.6679285090666531, 0.5714241819878271, 0.3391104964656743, 0.6940239408187783, 0.6584675437736446, 0.6878188300518201, 0.5066175843804873, 0.19256668259617168, 0.3044926108862728, 0.24526818995611166, 0.5467580125809421, 0.3946252418770612, 0.3255041766909452, 0.3448308036463332, 0.12012557314009513, 0.33729326675348026, 0.3282849941221776, 0.4742968400574613, 0.5302750284672916, 0.430105756605705, 0.6079708131129681, 0.5435846054430227, 0.18320815947292846, 0.48913075317955135, 0.42637414149988134, 0.7469592836677851, 0.45881981364567914, 0.18225128323762285, 0.30470388580695473, 0.46466873824144045, 0.533688513412338, 0.3533345473533203, 0.5384810779000923, 0.6209164439175154, 0.46613068740643543, 0.354334196527884, 0.35016596804913325, 0.5209906067221891, 0.41110208941172616, 0.2855137752842455, 0.6986712832206436, 0.5039072287695973, 0.37389516902373654, 0.4413768337538438, 0.5837330879356796, 0.6561066636307121, 0.2367374202789357, 0.2404141763807974, 0.6283384588480256, 0.5389253894603311, 0.294630214534874, 0.4210283992014099, 0.5267419638750429, 0.24408367541973527, 0.4861379682966908, 0.2994066539982963, 0.3866817923240865, 0.42025299804625393, 0.5335083425486118, 0.3092170431520119, 0.5987073134745796, 0.3596246294695657, 0.22565746300278758, 0.737009593853227, 0.6749161091313549, 0.6865179821853946, 0.3218765510302118, 0.5274295136963686, 0.23423834837661164, 0.39881245333129434, 0.43528050810821395, 0.37519236062757844, 0.569785363250169, 0.4045797519598738, 0.2673459483941161, 0.40894988993623693, 0.6208431393454634, 0.8373304999063959, 0.1810702971622379, 0.5011872027799339, 0.4421828127968876, 0.03911626505896306], [0.38339297089346946, 0.8692159623365832, 1.0288980871929225, 0.8362182898728638, 0.2894926228279136, 1.0115747171213776, 0.7749449791625471, 0.2533334415947447, 0.6186375572548208, 0.7337184165448357, 0.4924365329397316, 1.0094104805124597, 0.6501117409272364, 0.0, 0.23837466927387846, 0.4833807511059537, 0.9139412316634087, 0.9423228544649594, 0.17297048558522404, 0.527927738512279, 0.932821459958723, 0.1381864881118353, 0.46956917732556275, 0.29910747288449296, 0.4331450742063379, 0.5501190441053602, 0.4036761302487842, 0.8372882600276935, 0.6754775212774131, 0.5731743369070691, 0.4200004852227067, 0.971684304922076, 0.6416912863421034, 0.9624968589531928, 0.6621336940214657, 0.8218897978623069, 0.19080375525178755, 0.36894784022682675, 0.683754674083555, 0.5273385513558649, 0.7160000340836264, 0.2872516865949737, 0.8645967246110874, 0.14235860486420504, 0.664648931817144, 0.6402345685863815, 0.6446288632707268, 0.4673127603083376, 0.5069400214892621, 0.3907896509906824, 0.112701060706472, 0.7942556973218162, 0.7026363006140017, 0.6561279430916087, 0.39377921776220987, 0.8000332805621526, 0.5666657361471078, 0.4618694371008751, 0.20946049467316222, 0.22666380769114464, 1.0211130122496404, 0.33785432540519766, 0.7311398127896669, 0.1336259514532121, 0.6325249864050699, 0.8896663331400021, 0.5327352507039917, 0.4117061927152023, 0.3571919775432141, 0.7779067982864308, 0.19684467482471701, 0.794488448221188, 0.24968769327370197, 0.6909595848986315, 0.765898798137309, 0.7205838195153075, 0.7447675070664127, 0.6792390367350514, 0.3078108757985847, 0.4013358847193517, 0.5514169088529516, 0.1633256563700722, 0.025487889023272092, 0.6998163302897077, 0.6520395116177922, 0.6439008232674448, 0.6853200144363225, 1.048915596826949, 0.4159371416923535, 0.8522728897918554, 0.16165388566835334, 0.33445175835609087, 0.45025647558256754, 0.8597276754381517, 0.45757327167308626, 0.19252998347447642, 0.7059710704063001, 0.7240682991741781, 0.7974206152777363, 0.6165697008422695], [0.2217764038029258, 0.8235832128128043, 1.000018580082662, 0.6941841506664586, 0.2428002075583826, 0.9685264946892005, 0.5540477662563449, 0.2323631788104861, 0.41918190103295455, 0.83194893067356, 0.3260359627908271, 0.9777325721072412, 0.6538905594129655, 0.23837466927387846, 0.0, 0.6106759103163493, 0.9189636209302084, 0.9653243367906733, 0.0712743325726953, 0.32348575586365913, 0.8660235106133904, 0.37642463371878393, 0.2390684692897893, 0.06336788480337349, 0.25351743951034084, 0.6226401203766199, 0.3525554972471562, 0.8812688425354559, 0.48894568312918596, 0.43219018606181303, 0.536459049807526, 0.9236131046428959, 0.688450595965241, 0.9137119152998613, 0.774383889079253, 0.6752904855388622, 0.38056641034964755, 0.5279166533527445, 0.4815138452236865, 0.7141176037305694, 0.7731605308493453, 0.4667127274134318, 0.7416580849934552, 0.3695545589234473, 0.5041659937519181, 0.5775937985972496, 0.7517942025540665, 0.6372133357898434, 0.3142820167162741, 0.5165489919390569, 0.2592806872504267, 0.6016166226799012, 0.5431246610648655, 0.7769651825931142, 0.5184118798788633, 0.9446655850637707, 0.4195213314293713, 0.39077934262025393, 0.062321722523857884, 0.15439389715004834, 1.022474938701196, 0.49964471350899886, 0.9028514279727753, 0.10658701191868694, 0.7193213211794768, 0.887977493225761, 0.3128498352659092, 0.21898614439442915, 0.3806822362969616, 0.8986812181620659, 0.14121897294161037, 0.8533981846772373, 0.42350057901909244, 0.790350888102887, 0.6395072690417836, 0.5776534542784886, 0.5695245435053425, 0.5708860332735343, 0.09504346161670361, 0.5317426838836725, 0.6371556164404172, 0.39764400828592916, 0.23799619223451182, 0.48144456997000346, 0.5380349426460855, 0.4602494006385887, 0.7649398252098368, 1.0367646782458673, 0.5778970847325392, 0.7450330371435864, 0.11839355788598838, 0.4775235164290103, 0.3962711453325748, 0.7418956921510066, 0.23522292616209411, 0.2911462581954856, 0.6457613216417822, 0.5559719017406622, 0.9205736245178923, 0.6152864604705158], [0.5552137517694374, 0.586473966791454, 0.6879189471019563, 0.7640813541825102, 0.4074889671700569, 0.6980664038716108, 0.9309043714276176, 0.3951837282297023, 0.7470523903209141, 0.2553964742735529, 0.6025838438034066, 0.6759134435663041, 0.33960298273010286, 0.4833807511059537, 0.6106759103163493, 0.0, 0.5323038781758578, 0.5297793918841388, 0.5869819831398265, 0.7000999286755312, 0.6779644222753004, 0.4604340312048286, 0.73286496311212, 0.6667928892328782, 0.6007407242098138, 0.14852754873245694, 0.3866073059072713, 0.4074920821455085, 0.7539191434379305, 0.5922348306194448, 0.07520351799228402, 0.6736932570555955, 0.24962333065052944, 0.6674037024797177, 0.1794890421159661, 0.7638805027097421, 0.30128340518837127, 0.12943922032120686, 0.800520767306115, 0.20747800645356684, 0.28569314522279216, 0.21614978821186634, 0.7425393849266347, 0.5221666179032874, 0.6861513473855202, 0.4690299129920723, 0.16457956820082303, 0.12511345306192775, 0.6616280688331918, 0.09544803547374418, 0.38258920912886574, 0.8574007605094526, 0.7089351817479042, 0.17296031877025422, 0.09311957404002903, 0.3342584279393485, 0.601188783614099, 0.4236319974634847, 0.6277954707966257, 0.46728666938290503, 0.6319756063486535, 0.15678003574176555, 0.31588430583233834, 0.5574494851702018, 0.1744463553175135, 0.522899360666093, 0.7430769782592732, 0.6143625681098672, 0.2760746173736731, 0.29543569698075156, 0.4712236165882052, 0.3499751542042998, 0.24054090449732526, 0.21369365762508832, 0.6784335421256965, 0.6839071384499126, 0.7753402174694164, 0.5840452387676294, 0.604741076999764, 0.08251844445562011, 0.12074587558713533, 0.49829856101133957, 0.5078038934321806, 0.861598644480482, 0.5798761171970238, 0.7254991381254863, 0.2283247985039566, 0.6778074405773724, 0.10752729062302414, 0.699147120336679, 0.49452598128302544, 0.14905968048896434, 0.39197058148387376, 0.7276477484221466, 0.7001197658058773, 0.671039946052187, 0.501198253448431, 0.743468416110943, 0.3157828858390273, 0.33265229288502973], [0.73894432718879, 0.200696847562034, 0.16912935164981296, 0.562783252025983, 0.678879674658476, 0.20648167017389457, 0.9179286986208651, 0.6988837193058672, 0.7777924145517088, 0.36523527521616095, 0.6982669759314479, 0.1664079004936713, 0.2676835973161942, 0.9139412316634087, 0.9189636209302084, 0.5323038781758578, 0.0, 0.08005785954352779, 0.935267185638455, 0.7971271923002083, 0.27641660294572223, 0.9465544793401834, 0.8994454735791576, 0.9496978884765641, 0.750221027311209, 0.3949965517956016, 0.5669368652650131, 0.15679250566341638, 0.7294157958210665, 0.6042755581265091, 0.5480139024670261, 0.2107757277571346, 0.28909642845501266, 0.21131120282639546, 0.4267844095750401, 0.5798176913509157, 0.7796255640461964, 0.64964830021375, 0.7948295434292719, 0.7064109229479921, 0.2517032610190528, 0.7231764879504425, 0.48981693569829016, 1.0025130294278755, 0.6371832529403038, 0.3776127953593868, 0.4161537612673915, 0.6490387108691393, 0.7627259793923683, 0.5799679955514029, 0.8015262144855109, 0.7705301576253079, 0.6296423739667635, 0.45599614630232893, 0.5764716619505755, 0.55602494025023, 0.6227619878587508, 0.5380823454029758, 0.9653537048408887, 0.7706811323256836, 0.1071848593297723, 0.6683963056931947, 0.6670801830142246, 0.9237894066341351, 0.3672211866030507, 0.03771856948483772, 0.8560245198565068, 0.7860413382379742, 0.5612710549035397, 0.44904725699766695, 0.7940940926341752, 0.2191079873420772, 0.7290012157896671, 0.3786439779658771, 0.5067760863209099, 0.570215119049084, 0.6882420433383851, 0.472292839038352, 0.8586521164008614, 0.580950669886021, 0.4137559682425213, 0.9889251892804358, 0.9390378905457751, 0.8784564661348854, 0.4995490317683904, 0.7188298936214529, 0.32336871607823614, 0.14551974866125722, 0.6393736374421423, 0.4296831174365158, 0.837391045620054, 0.6387472178476236, 0.5256547125849648, 0.46989154070914346, 0.8621470955044646, 1.1030028170096906, 0.3258971819499259, 0.65993036326194, 0.46110817180767194, 0.3050301361810723], [0.7951206079745586, 0.28075086303250163, 0.22264946574095368, 0.6422125917455465, 0.7230924437243705, 0.2719604592156554, 0.9928432446779166, 0.7399053310873354, 0.8483082206661501, 0.3306233614223027, 0.7618322209947213, 0.22690291943146285, 0.31188877952922894, 0.9423228544649594, 0.9653243367906733, 0.5297793918841388, 0.08005785954352779, 0.0, 0.9766956272956653, 0.8628289352679376, 0.35469905748391095, 0.9638967135124101, 0.9608151288955621, 0.9996860510592425, 0.8101343482969818, 0.4043377979672546, 0.6162587044873125, 0.12476839104008476, 0.8028625151619666, 0.6723535619803199, 0.5561554448017213, 0.28392916236999544, 0.3027870797392733, 0.2857268028322324, 0.40143164818253313, 0.6589165460543575, 0.7963913961124612, 0.6534554184669782, 0.868027176312244, 0.6877196245883616, 0.2442302723601299, 0.7320979474910478, 0.569778330190329, 1.0218396347633263, 0.7105901354633685, 0.4442135998604354, 0.39549653696635795, 0.6392975807702098, 0.8273789760598385, 0.5887964816515174, 0.8296342631810391, 0.8477437766963482, 0.7047627295787783, 0.4293660072013836, 0.5852661652245061, 0.5061818360518249, 0.6906029035901803, 0.5932096623733445, 1.0087448504795236, 0.8141814978513268, 0.1128736591525063, 0.6750570371091134, 0.6260120684800262, 0.9624838052936607, 0.3572110886124866, 0.11580209440261824, 0.9214350657223277, 0.8446688567274598, 0.5970783786642864, 0.40249742814335976, 0.8357886705497696, 0.18851435105862566, 0.7425266182131742, 0.35213998980908284, 0.5845853082227405, 0.6462212351797055, 0.7646226024908824, 0.5457370831257853, 0.9102499651596684, 0.5874766672642271, 0.41684979943678635, 1.0054903588688562, 0.9676936729930725, 0.9512535572106046, 0.5715745660662837, 0.7909513229177679, 0.3069777458925685, 0.1722792195282917, 0.6371964762574979, 0.5096141833031109, 0.8775553457585594, 0.6494601840298019, 0.5777546856528034, 0.5498413426334424, 0.9232931414232999, 1.13